#include "myutils.h"

// reseek -train_feature ../traindata/train.fa2 -db ../data/scop40.bca -feature Mu -alpha_size 36 -wildcard no
// reseek -musubstmx Mu.36 -output musubstmx.txt -log musubstmx.log [f9e61d1]+1
float ScoreMx_Mu[36][36] = {
  {  2.61f, -2.66f,  0.15f,  1.34f, -5.51f, -2.43f,  1.66f, -4.78f, -1.73f,  1.66f, -3.47f, -0.44f,  0.30f, -5.42f, -2.50f,  0.80f, -4.26f, -1.81f,  0.36f, -3.25f, -1.65f, -0.88f, -5.02f, -3.52f, -0.45f, -4.50f, -2.67f, -0.68f, -2.42f, -2.00f, -1.84f, -3.90f, -3.28f, -1.30f, -3.46f, -2.64f,  }, // 0
  { -2.66f,  4.02f,  2.09f, -3.53f,  0.73f,  0.11f, -2.78f,  1.46f,  0.47f, -3.57f,  3.00f,  0.63f, -4.43f,  0.20f, -0.48f, -4.11f,  1.28f, -0.37f, -3.44f,  1.81f, -0.45f, -4.67f, -0.47f, -1.58f, -3.67f,  0.37f, -1.24f, -2.51f,  0.73f, -1.30f, -3.70f, -1.90f, -2.33f, -2.48f, -1.09f, -1.97f,  }, // 1
  {  0.15f,  2.09f,  2.80f, -0.95f, -1.88f,  0.68f, -0.35f, -0.35f,  1.18f, -0.81f,  0.76f,  1.70f, -1.85f, -2.29f,  0.12f, -1.24f, -0.66f,  0.67f, -1.42f,  0.01f,  0.77f, -2.85f, -2.75f, -0.75f, -1.85f, -1.29f, -0.22f, -2.26f, -1.15f, -0.54f, -2.98f, -3.43f, -2.00f, -2.38f, -2.49f, -1.52f,  }, // 2
  {  1.34f, -3.53f, -0.95f,  3.04f, -5.03f, -0.84f,  1.95f, -4.94f, -1.49f,  0.35f, -6.11f, -1.74f,  1.94f, -5.36f, -1.06f,  0.82f, -4.89f, -1.72f, -0.91f, -4.33f, -2.79f,  0.68f, -5.76f, -1.99f, -0.38f, -4.84f, -2.62f, -1.91f, -3.51f, -2.99f, -0.64f, -4.48f, -2.91f, -1.49f, -4.11f, -3.24f,  }, // 3
  { -5.51f,  0.73f, -1.88f, -5.03f,  2.17f,  0.43f, -5.65f,  1.46f, -0.60f, -5.79f, -0.13f, -3.12f, -5.72f,  1.07f, -0.79f, -6.01f,  0.24f, -2.07f, -5.10f, -1.32f, -3.85f, -5.73f, -0.12f, -2.13f, -5.37f, -0.79f, -3.15f, -4.06f, -2.04f, -3.49f, -4.51f, -0.80f, -2.35f, -4.01f, -1.93f, -3.21f,  }, // 4
  { -2.43f,  0.11f,  0.68f, -0.84f,  0.43f,  2.22f, -1.58f,  0.49f,  1.33f, -3.37f, -1.06f, -0.42f, -1.70f, -0.28f,  1.10f, -2.45f, -0.37f,  0.30f, -3.84f, -1.96f, -1.52f, -2.52f, -1.38f, -0.13f, -2.91f, -1.41f, -0.74f, -3.65f, -2.43f, -2.34f, -3.63f, -2.28f, -1.12f, -3.26f, -2.54f, -1.86f,  }, // 5
  {  1.66f, -2.78f, -0.35f,  1.95f, -5.65f, -1.58f,  2.29f, -4.09f, -0.76f,  0.89f, -3.84f, -0.97f,  0.91f, -5.55f, -1.77f,  1.45f, -3.92f, -0.95f, -0.27f, -4.18f, -2.00f, -0.16f, -5.49f, -2.59f,  0.28f, -4.11f, -1.78f, -1.48f, -2.78f, -2.73f, -1.09f, -4.11f, -2.88f, -0.96f, -3.69f, -2.64f,  }, // 6
  { -4.78f,  1.46f, -0.35f, -4.94f,  1.46f,  0.49f, -4.09f,  2.44f,  0.81f, -5.25f,  0.59f, -1.58f, -5.49f,  0.24f, -0.88f, -4.70f,  1.17f, -0.56f, -4.75f, -0.41f, -2.52f, -5.22f, -0.63f, -1.94f, -4.65f,  0.18f, -1.63f, -3.60f, -1.37f, -2.70f, -4.03f, -1.51f, -2.46f, -3.43f, -1.06f, -2.39f,  }, // 7
  { -1.73f,  0.47f,  1.18f, -1.49f, -0.60f,  1.33f, -0.76f,  0.81f,  1.91f, -2.54f, -0.62f,  0.25f, -2.44f, -1.45f,  0.33f, -1.68f, -0.04f,  0.92f, -3.01f, -1.47f, -0.70f, -2.92f, -2.38f, -0.67f, -2.18f, -1.00f, -0.05f, -3.19f, -2.13f, -1.81f, -3.53f, -3.13f, -1.90f, -2.81f, -2.21f, -1.50f,  }, // 8
  {  1.66f, -3.57f, -0.81f,  0.35f, -5.79f, -3.37f,  0.89f, -5.25f, -2.54f,  2.08f, -3.14f, -0.06f,  0.70f, -5.14f, -2.45f,  1.26f, -4.03f, -1.60f,  1.26f, -2.86f, -1.04f, -0.13f, -5.25f, -2.94f,  0.46f, -4.24f, -2.26f, -0.18f, -2.68f, -1.91f, -1.50f, -3.81f, -3.06f, -0.98f, -3.27f, -2.61f,  }, // 9
  { -3.47f,  3.00f,  0.76f, -6.11f, -0.13f, -1.06f, -3.84f,  0.59f, -0.62f, -3.14f,  3.92f,  1.31f, -4.07f,  1.00f, -0.05f, -3.78f,  1.96f,  0.04f, -2.91f,  3.02f,  0.62f, -4.07f,  0.25f, -0.78f, -3.21f,  1.35f, -0.48f, -2.16f,  1.41f, -0.70f, -3.36f, -1.00f, -2.03f, -2.28f, -0.17f, -1.64f,  }, // 10
  { -0.44f,  0.63f,  1.70f, -1.74f, -3.12f, -0.42f, -0.97f, -1.58f,  0.25f, -0.06f,  1.31f,  2.37f, -1.52f, -1.92f,  0.30f, -0.74f, -0.32f,  1.06f, -0.44f,  0.67f,  1.66f, -1.79f, -2.30f, -0.19f, -1.04f, -0.79f,  0.50f, -1.85f, -0.75f,  0.13f, -2.71f, -3.03f, -1.54f, -2.03f, -2.00f, -0.99f,  }, // 11
  {  0.30f, -4.43f, -1.85f,  1.94f, -5.72f, -1.70f,  0.91f, -5.49f, -2.44f,  0.70f, -4.07f, -1.52f,  2.65f, -5.10f, -0.42f,  1.33f, -4.52f, -1.45f, -0.11f, -3.77f, -2.35f,  1.81f, -4.79f, -1.03f,  0.62f, -4.18f, -1.87f, -1.37f, -2.98f, -2.82f, -0.05f, -4.09f, -2.32f, -0.98f, -3.76f, -2.75f,  }, // 12
  { -5.42f,  0.20f, -2.29f, -5.36f,  1.07f, -0.28f, -5.55f,  0.24f, -1.45f, -5.14f,  1.00f, -1.92f, -5.10f,  2.53f,  0.64f, -5.31f,  1.53f, -0.81f, -4.32f, -0.10f, -2.80f, -4.94f,  1.55f, -0.42f, -4.77f,  0.50f, -1.70f, -3.42f, -1.22f, -2.96f, -4.54f,  0.04f, -1.71f, -3.66f, -0.97f, -2.75f,  }, // 13
  { -2.50f, -0.48f,  0.12f, -1.06f, -0.79f,  1.10f, -1.77f, -0.88f,  0.33f, -2.45f, -0.05f,  0.30f, -0.42f,  0.64f,  2.18f, -1.54f,  0.33f,  1.08f, -2.65f, -0.85f, -0.44f, -0.91f, -0.20f,  1.27f, -1.63f, -0.38f,  0.37f, -3.02f, -1.88f, -1.42f, -2.22f, -1.66f, -0.40f, -2.55f, -2.03f, -1.28f,  }, // 14
  {  0.80f, -4.11f, -1.24f,  0.82f, -6.01f, -2.45f,  1.45f, -4.70f, -1.68f,  1.26f, -3.78f, -0.74f,  1.33f, -5.31f, -1.54f,  1.90f, -3.60f, -0.74f,  0.52f, -3.43f, -1.59f,  0.62f, -5.38f, -2.01f,  1.11f, -3.95f, -1.28f, -0.95f, -2.58f, -2.30f, -0.91f, -3.99f, -2.65f, -0.49f, -3.29f, -2.22f,  }, // 15
  { -4.26f,  1.28f, -0.66f, -4.89f,  0.24f, -0.37f, -3.92f,  1.17f, -0.04f, -4.03f,  1.96f, -0.32f, -4.52f,  1.53f,  0.33f, -3.60f,  2.62f,  0.62f, -3.63f,  1.22f, -1.02f, -4.14f,  0.72f, -0.49f, -3.19f,  1.68f, -0.13f, -2.75f, -0.19f, -1.74f, -3.84f, -0.76f, -1.63f, -2.57f,  0.17f, -1.29f,  }, // 16
  { -1.81f, -0.37f,  0.67f, -1.72f, -2.07f,  0.30f, -0.95f, -0.56f,  0.92f, -1.60f,  0.04f,  1.06f, -1.45f, -0.81f,  1.08f, -0.74f,  0.62f,  1.66f, -1.82f, -0.49f,  0.35f, -1.56f, -1.50f,  0.40f, -0.97f, -0.13f,  0.96f, -2.56f, -1.36f, -0.95f, -2.59f, -2.70f, -1.12f, -1.96f, -1.60f, -0.64f,  }, // 17
  {  0.36f, -3.44f, -1.42f, -0.91f, -5.10f, -3.84f, -0.27f, -4.75f, -3.01f,  1.26f, -2.91f, -0.44f, -0.11f, -4.32f, -2.65f,  0.52f, -3.63f, -1.82f,  2.27f, -2.13f,  0.18f,  0.68f, -4.30f, -2.01f,  1.33f, -3.52f, -1.26f,  1.02f, -1.64f, -0.83f, -0.54f, -3.16f, -2.43f,  0.12f, -2.67f, -1.96f,  }, // 18
  { -3.25f,  1.81f,  0.01f, -4.33f, -1.32f, -1.96f, -4.18f, -0.41f, -1.47f, -2.86f,  3.02f,  0.67f, -3.77f, -0.10f, -0.85f, -3.43f,  1.22f, -0.49f, -2.13f,  3.87f,  1.36f, -3.52f,  1.24f,  0.19f, -2.70f,  2.15f,  0.33f, -1.76f,  2.53f,  0.37f, -3.68f, -0.56f, -1.07f, -2.14f,  0.58f, -0.68f,  }, // 19
  { -1.65f, -0.45f,  0.77f, -2.79f, -3.85f, -1.52f, -2.00f, -2.52f, -0.70f, -1.04f,  0.62f,  1.66f, -2.35f, -2.80f, -0.44f, -1.59f, -1.02f,  0.35f,  0.18f,  1.36f,  2.35f, -1.29f, -1.90f,  0.39f, -0.60f, -0.21f,  1.06f, -0.95f,  0.45f,  1.16f, -1.83f, -2.55f, -0.94f, -1.38f, -1.32f, -0.15f,  }, // 20
  { -0.88f, -4.67f, -2.85f,  0.68f, -5.73f, -2.52f, -0.16f, -5.22f, -2.92f, -0.13f, -4.07f, -1.79f,  1.81f, -4.94f, -0.91f,  0.62f, -4.14f, -1.56f,  0.68f, -3.52f, -1.29f,  2.72f, -3.72f, -0.05f,  1.56f, -3.55f, -0.83f, -0.24f, -2.23f, -1.86f,  1.41f, -3.44f, -1.11f,  0.44f, -2.99f, -1.74f,  }, // 21
  { -5.02f, -0.47f, -2.75f, -5.76f, -0.12f, -1.38f, -5.49f, -0.63f, -2.38f, -5.25f,  0.25f, -2.30f, -4.79f,  1.55f, -0.20f, -5.38f,  0.72f, -1.50f, -4.30f,  1.24f, -1.90f, -3.72f,  2.95f,  0.95f, -4.21f,  1.85f, -0.53f, -3.64f, -0.29f, -2.43f, -3.99f,  1.11f, -0.51f, -3.49f,  0.22f, -1.71f,  }, // 22
  { -3.52f, -1.58f, -0.75f, -1.99f, -2.13f, -0.13f, -2.59f, -1.94f, -0.67f, -2.94f, -0.78f, -0.19f, -1.03f, -0.42f,  1.27f, -2.01f, -0.49f,  0.40f, -2.01f,  0.19f,  0.39f, -0.05f,  0.95f,  2.35f, -0.87f,  0.55f,  1.13f, -2.42f, -1.01f, -0.72f, -1.19f, -0.89f,  0.65f, -1.69f, -0.99f, -0.26f,  }, // 23
  { -0.45f, -3.67f, -1.85f, -0.38f, -5.37f, -2.91f,  0.28f, -4.65f, -2.18f,  0.46f, -3.21f, -1.04f,  0.62f, -4.77f, -1.63f,  1.11f, -3.19f, -0.97f,  1.33f, -2.70f, -0.60f,  1.56f, -4.21f, -0.87f,  2.06f, -2.73f, -0.19f,  0.12f, -2.04f, -1.43f,  0.20f, -3.23f, -1.81f,  0.76f, -2.63f, -1.25f,  }, // 24
  { -4.50f,  0.37f, -1.29f, -4.84f, -0.79f, -1.41f, -4.11f,  0.18f, -1.00f, -4.24f,  1.35f, -0.79f, -4.18f,  0.50f, -0.38f, -3.95f,  1.68f, -0.13f, -3.52f,  2.15f, -0.21f, -3.55f,  1.85f,  0.55f, -2.73f,  2.82f,  0.79f, -2.71f,  0.85f, -1.03f, -3.21f,  0.23f, -0.67f, -2.50f,  1.26f, -0.37f,  }, // 25
  { -2.67f, -1.24f, -0.22f, -2.62f, -3.15f, -0.74f, -1.78f, -1.63f, -0.05f, -2.26f, -0.48f,  0.50f, -1.87f, -1.70f,  0.37f, -1.28f, -0.13f,  0.96f, -1.26f,  0.33f,  1.06f, -0.83f, -0.53f,  1.13f, -0.19f,  0.79f,  1.72f, -1.97f, -0.62f, -0.04f, -1.83f, -1.98f, -0.33f, -1.18f, -0.65f,  0.37f,  }, // 26
  { -0.68f, -2.51f, -2.26f, -1.91f, -4.06f, -3.65f, -1.48f, -3.60f, -3.19f, -0.18f, -2.16f, -1.85f, -1.37f, -3.42f, -3.02f, -0.95f, -2.75f, -2.56f,  1.02f, -1.76f, -0.95f, -0.24f, -3.64f, -2.42f,  0.12f, -2.71f, -1.97f,  2.45f, -0.11f,  0.70f,  0.64f, -2.40f, -1.31f,  1.42f, -1.66f, -0.62f,  }, // 27
  { -2.42f,  0.73f, -1.15f, -3.51f, -2.04f, -2.43f, -2.78f, -1.37f, -2.13f, -2.68f,  1.41f, -0.75f, -2.98f, -1.22f, -1.88f, -2.58f, -0.19f, -1.36f, -1.64f,  2.53f,  0.45f, -2.23f, -0.29f, -1.01f, -2.04f,  0.85f, -0.62f, -0.11f,  3.58f,  1.56f, -1.31f,  0.98f,  0.08f, -0.50f,  1.74f,  0.56f,  }, // 28
  { -2.00f, -1.30f, -0.54f, -2.99f, -3.49f, -2.34f, -2.73f, -2.70f, -1.81f, -1.91f, -0.70f,  0.13f, -2.82f, -2.96f, -1.42f, -2.30f, -1.74f, -0.95f, -0.83f,  0.37f,  1.16f, -1.86f, -2.43f, -0.72f, -1.43f, -1.03f, -0.04f,  0.70f,  1.56f,  2.25f, -0.77f, -1.26f,  0.35f,  0.05f, -0.14f,  1.02f,  }, // 29
  { -1.84f, -3.70f, -2.98f, -0.64f, -4.51f, -3.63f, -1.09f, -4.03f, -3.53f, -1.50f, -3.36f, -2.71f, -0.05f, -4.54f, -2.22f, -0.91f, -3.84f, -2.59f, -0.54f, -3.68f, -1.83f,  1.41f, -3.99f, -1.19f,  0.20f, -3.21f, -1.83f,  0.64f, -1.31f, -0.77f,  2.94f, -2.14f,  0.31f,  1.73f, -1.63f, -0.39f,  }, // 30
  { -3.90f, -1.90f, -3.43f, -4.48f, -0.80f, -2.28f, -4.11f, -1.51f, -3.13f, -3.81f, -1.00f, -3.03f, -4.09f,  0.04f, -1.66f, -3.99f, -0.76f, -2.70f, -3.16f, -0.56f, -2.55f, -3.44f,  1.11f, -0.89f, -3.23f,  0.23f, -1.98f, -2.40f,  0.98f, -1.26f, -2.14f,  2.73f,  0.96f, -2.07f,  1.79f, -0.29f,  }, // 31
  { -3.28f, -2.33f, -2.00f, -2.91f, -2.35f, -1.12f, -2.88f, -2.46f, -1.90f, -3.06f, -2.03f, -1.54f, -2.32f, -1.71f, -0.40f, -2.65f, -1.63f, -1.12f, -2.43f, -1.07f, -0.94f, -1.11f, -0.51f,  0.65f, -1.81f, -0.67f, -0.33f, -1.31f,  0.08f,  0.35f,  0.31f,  0.96f,  2.16f, -0.32f,  0.66f,  1.18f,  }, // 32
  { -1.30f, -2.48f, -2.38f, -1.49f, -4.01f, -3.26f, -0.96f, -3.43f, -2.81f, -0.98f, -2.28f, -2.03f, -0.98f, -3.66f, -2.55f, -0.49f, -2.57f, -1.96f,  0.12f, -2.14f, -1.38f,  0.44f, -3.49f, -1.69f,  0.76f, -2.50f, -1.18f,  1.42f, -0.50f,  0.05f,  1.73f, -2.07f, -0.32f,  2.16f, -1.10f,  0.27f,  }, // 33
  { -3.46f, -1.09f, -2.49f, -4.11f, -1.93f, -2.54f, -3.69f, -1.06f, -2.21f, -3.27f, -0.17f, -2.00f, -3.76f, -0.97f, -2.03f, -3.29f,  0.17f, -1.60f, -2.67f,  0.58f, -1.32f, -2.99f,  0.22f, -0.99f, -2.63f,  1.26f, -0.65f, -1.66f,  1.74f, -0.14f, -1.63f,  1.79f,  0.66f, -1.10f,  2.69f,  0.86f,  }, // 34
  { -2.64f, -1.97f, -1.52f, -3.24f, -3.21f, -1.86f, -2.64f, -2.39f, -1.50f, -2.61f, -1.64f, -0.99f, -2.75f, -2.75f, -1.28f, -2.22f, -1.29f, -0.64f, -1.96f, -0.68f, -0.15f, -1.74f, -1.71f, -0.26f, -1.25f, -0.37f,  0.37f, -0.62f,  0.56f,  1.02f, -0.39f, -0.29f,  1.18f,  0.27f,  0.86f,  1.69f,  }, // 35
};

// Used by k-mer filter (X-drop), also inactive alternative to parasail
// reseek -train_feature ../traindata/train.fa2 -db ../data/scop40.bca -feature Mu -alpha_size 36 -wildcard no
// reseek -musubstmx Mu.36 -output musubstmx.txt -log musubstmx.log [f9e61d1]+1
int8_t IntScoreMx_Mu[36][36] = {
  {  3, -3,  0,  1, -6, -2,  2, -5, -2,  2, -3,  0,  0, -5, -2,  1, -4, -2,  0, -3, -2, -1, -5, -4,  0, -4, -3, -1, -2, -2, -2, -4, -3, -1, -3, -3,  }, // 0
  { -3,  4,  2, -4,  1,  0, -3,  1,  0, -4,  3,  1, -4,  0,  0, -4,  1,  0, -3,  2,  0, -5,  0, -2, -4,  0, -1, -3,  1, -1, -4, -2, -2, -2, -1, -2,  }, // 1
  {  0,  2,  3, -1, -2,  1,  0,  0,  1, -1,  1,  2, -2, -2,  0, -1, -1,  1, -1,  0,  1, -3, -3, -1, -2, -1,  0, -2, -1, -1, -3, -3, -2, -2, -2, -2,  }, // 2
  {  1, -4, -1,  3, -5, -1,  2, -5, -1,  0, -6, -2,  2, -5, -1,  1, -5, -2, -1, -4, -3,  1, -6, -2,  0, -5, -3, -2, -4, -3, -1, -4, -3, -1, -4, -3,  }, // 3
  { -6,  1, -2, -5,  2,  0, -6,  1, -1, -6,  0, -3, -6,  1, -1, -6,  0, -2, -5, -1, -4, -6,  0, -2, -5, -1, -3, -4, -2, -3, -5, -1, -2, -4, -2, -3,  }, // 4
  { -2,  0,  1, -1,  0,  2, -2,  0,  1, -3, -1,  0, -2,  0,  1, -2,  0,  0, -4, -2, -2, -3, -1,  0, -3, -1, -1, -4, -2, -2, -4, -2, -1, -3, -3, -2,  }, // 5
  {  2, -3,  0,  2, -6, -2,  2, -4, -1,  1, -4, -1,  1, -6, -2,  1, -4, -1,  0, -4, -2,  0, -5, -3,  0, -4, -2, -1, -3, -3, -1, -4, -3, -1, -4, -3,  }, // 6
  { -5,  1,  0, -5,  1,  0, -4,  2,  1, -5,  1, -2, -5,  0, -1, -5,  1, -1, -5,  0, -3, -5, -1, -2, -5,  0, -2, -4, -1, -3, -4, -2, -2, -3, -1, -2,  }, // 7
  { -2,  0,  1, -1, -1,  1, -1,  1,  2, -3, -1,  0, -2, -1,  0, -2,  0,  1, -3, -1, -1, -3, -2, -1, -2, -1,  0, -3, -2, -2, -4, -3, -2, -3, -2, -1,  }, // 8
  {  2, -4, -1,  0, -6, -3,  1, -5, -3,  2, -3,  0,  1, -5, -2,  1, -4, -2,  1, -3, -1,  0, -5, -3,  0, -4, -2,  0, -3, -2, -1, -4, -3, -1, -3, -3,  }, // 9
  { -3,  3,  1, -6,  0, -1, -4,  1, -1, -3,  4,  1, -4,  1,  0, -4,  2,  0, -3,  3,  1, -4,  0, -1, -3,  1,  0, -2,  1, -1, -3, -1, -2, -2,  0, -2,  }, // 10
  {  0,  1,  2, -2, -3,  0, -1, -2,  0,  0,  1,  2, -2, -2,  0, -1,  0,  1,  0,  1,  2, -2, -2,  0, -1, -1,  1, -2, -1,  0, -3, -3, -2, -2, -2, -1,  }, // 11
  {  0, -4, -2,  2, -6, -2,  1, -5, -2,  1, -4, -2,  3, -5,  0,  1, -5, -1,  0, -4, -2,  2, -5, -1,  1, -4, -2, -1, -3, -3,  0, -4, -2, -1, -4, -3,  }, // 12
  { -5,  0, -2, -5,  1,  0, -6,  0, -1, -5,  1, -2, -5,  3,  1, -5,  2, -1, -4,  0, -3, -5,  2,  0, -5,  1, -2, -3, -1, -3, -5,  0, -2, -4, -1, -3,  }, // 13
  { -2,  0,  0, -1, -1,  1, -2, -1,  0, -2,  0,  0,  0,  1,  2, -2,  0,  1, -3, -1,  0, -1,  0,  1, -2,  0,  0, -3, -2, -1, -2, -2,  0, -3, -2, -1,  }, // 14
  {  1, -4, -1,  1, -6, -2,  1, -5, -2,  1, -4, -1,  1, -5, -2,  2, -4, -1,  1, -3, -2,  1, -5, -2,  1, -4, -1, -1, -3, -2, -1, -4, -3,  0, -3, -2,  }, // 15
  { -4,  1, -1, -5,  0,  0, -4,  1,  0, -4,  2,  0, -5,  2,  0, -4,  3,  1, -4,  1, -1, -4,  1,  0, -3,  2,  0, -3,  0, -2, -4, -1, -2, -3,  0, -1,  }, // 16
  { -2,  0,  1, -2, -2,  0, -1, -1,  1, -2,  0,  1, -1, -1,  1, -1,  1,  2, -2,  0,  0, -2, -1,  0, -1,  0,  1, -3, -1, -1, -3, -3, -1, -2, -2, -1,  }, // 17
  {  0, -3, -1, -1, -5, -4,  0, -5, -3,  1, -3,  0,  0, -4, -3,  1, -4, -2,  2, -2,  0,  1, -4, -2,  1, -4, -1,  1, -2, -1, -1, -3, -2,  0, -3, -2,  }, // 18
  { -3,  2,  0, -4, -1, -2, -4,  0, -1, -3,  3,  1, -4,  0, -1, -3,  1,  0, -2,  4,  1, -4,  1,  0, -3,  2,  0, -2,  3,  0, -4, -1, -1, -2,  1, -1,  }, // 19
  { -2,  0,  1, -3, -4, -2, -2, -3, -1, -1,  1,  2, -2, -3,  0, -2, -1,  0,  0,  1,  2, -1, -2,  0, -1,  0,  1, -1,  0,  1, -2, -3, -1, -1, -1,  0,  }, // 20
  { -1, -5, -3,  1, -6, -3,  0, -5, -3,  0, -4, -2,  2, -5, -1,  1, -4, -2,  1, -4, -1,  3, -4,  0,  2, -4, -1,  0, -2, -2,  1, -3, -1,  0, -3, -2,  }, // 21
  { -5,  0, -3, -6,  0, -1, -5, -1, -2, -5,  0, -2, -5,  2,  0, -5,  1, -1, -4,  1, -2, -4,  3,  1, -4,  2, -1, -4,  0, -2, -4,  1, -1, -3,  0, -2,  }, // 22
  { -4, -2, -1, -2, -2,  0, -3, -2, -1, -3, -1,  0, -1,  0,  1, -2,  0,  0, -2,  0,  0,  0,  1,  2, -1,  1,  1, -2, -1, -1, -1, -1,  1, -2, -1,  0,  }, // 23
  {  0, -4, -2,  0, -5, -3,  0, -5, -2,  0, -3, -1,  1, -5, -2,  1, -3, -1,  1, -3, -1,  2, -4, -1,  2, -3,  0,  0, -2, -1,  0, -3, -2,  1, -3, -1,  }, // 24
  { -4,  0, -1, -5, -1, -1, -4,  0, -1, -4,  1, -1, -4,  1,  0, -4,  2,  0, -4,  2,  0, -4,  2,  1, -3,  3,  1, -3,  1, -1, -3,  0, -1, -3,  1,  0,  }, // 25
  { -3, -1,  0, -3, -3, -1, -2, -2,  0, -2,  0,  1, -2, -2,  0, -1,  0,  1, -1,  0,  1, -1, -1,  1,  0,  1,  2, -2, -1,  0, -2, -2,  0, -1, -1,  0,  }, // 26
  { -1, -3, -2, -2, -4, -4, -1, -4, -3,  0, -2, -2, -1, -3, -3, -1, -3, -3,  1, -2, -1,  0, -4, -2,  0, -3, -2,  2,  0,  1,  1, -2, -1,  1, -2, -1,  }, // 27
  { -2,  1, -1, -4, -2, -2, -3, -1, -2, -3,  1, -1, -3, -1, -2, -3,  0, -1, -2,  3,  0, -2,  0, -1, -2,  1, -1,  0,  4,  2, -1,  1,  0, -1,  2,  1,  }, // 28
  { -2, -1, -1, -3, -3, -2, -3, -3, -2, -2, -1,  0, -3, -3, -1, -2, -2, -1, -1,  0,  1, -2, -2, -1, -1, -1,  0,  1,  2,  2, -1, -1,  0,  0,  0,  1,  }, // 29
  { -2, -4, -3, -1, -5, -4, -1, -4, -4, -1, -3, -3,  0, -5, -2, -1, -4, -3, -1, -4, -2,  1, -4, -1,  0, -3, -2,  1, -1, -1,  3, -2,  0,  2, -2,  0,  }, // 30
  { -4, -2, -3, -4, -1, -2, -4, -2, -3, -4, -1, -3, -4,  0, -2, -4, -1, -3, -3, -1, -3, -3,  1, -1, -3,  0, -2, -2,  1, -1, -2,  3,  1, -2,  2,  0,  }, // 31
  { -3, -2, -2, -3, -2, -1, -3, -2, -2, -3, -2, -2, -2, -2,  0, -3, -2, -1, -2, -1, -1, -1, -1,  1, -2, -1,  0, -1,  0,  0,  0,  1,  2,  0,  1,  1,  }, // 32
  { -1, -2, -2, -1, -4, -3, -1, -3, -3, -1, -2, -2, -1, -4, -3,  0, -3, -2,  0, -2, -1,  0, -3, -2,  1, -3, -1,  1, -1,  0,  2, -2,  0,  2, -1,  0,  }, // 33
  { -3, -1, -2, -4, -2, -3, -4, -1, -2, -3,  0, -2, -4, -1, -2, -3,  0, -2, -3,  1, -1, -3,  0, -1, -3,  1, -1, -2,  2,  0, -2,  2,  1, -1,  3,  1,  }, // 34
  { -3, -2, -2, -3, -3, -2, -3, -2, -1, -3, -2, -1, -3, -3, -1, -2, -1, -1, -2, -1,  0, -2, -2,  0, -1,  0,  0, -1,  1,  1,  0,  0,  1,  0,  1,  2,  }, // 35
};

// Used by prefilter
// reseek -train_feature ../traindata/train.fa2 -db ../data/scop40.bca -feature Mu -alpha_size 36 -wildcard no
// reseek -musubstmx Mu.36 -output musubstmx.txt -log musubstmx.log [f9e61d1]+1
int8_t Mu_S_ij_i8[36][36] = {
  {  8, -8,  0,  4,-17, -7,  5,-14, -5,  5,-10, -1,  1,-16, -7,  2,-13, -5,  1,-10, -5, -3,-15,-11, -1,-13, -8, -2, -7, -6, -6,-12,-10, -4,-10, -8,  }, // 0
  { -8, 12,  6,-11,  2,  0, -8,  4,  1,-11,  9,  2,-13,  1, -1,-12,  4, -1,-10,  5, -1,-14, -1, -5,-11,  1, -4, -8,  2, -4,-11, -6, -7, -7, -3, -6,  }, // 1
  {  0,  6,  8, -3, -6,  2, -1, -1,  4, -2,  2,  5, -6, -7,  0, -4, -2,  2, -4,  0,  2, -9, -8, -2, -6, -4, -1, -7, -3, -2, -9,-10, -6, -7, -7, -5,  }, // 2
  {  4,-11, -3,  9,-15, -3,  6,-15, -4,  1,-18, -5,  6,-16, -3,  2,-15, -5, -3,-13, -8,  2,-17, -6, -1,-15, -8, -6,-11, -9, -2,-13, -9, -4,-12,-10,  }, // 3
  {-17,  2, -6,-15,  7,  1,-17,  4, -2,-17,  0, -9,-17,  3, -2,-18,  1, -6,-15, -4,-12,-17,  0, -6,-16, -2, -9,-12, -6,-10,-14, -2, -7,-12, -6,-10,  }, // 4
  { -7,  0,  2, -3,  1,  7, -5,  1,  4,-10, -3, -1, -5, -1,  3, -7, -1,  1,-12, -6, -5, -8, -4,  0, -9, -4, -2,-11, -7, -7,-11, -7, -3,-10, -8, -6,  }, // 5
  {  5, -8, -1,  6,-17, -5,  7,-12, -2,  3,-12, -3,  3,-17, -5,  4,-12, -3, -1,-13, -6,  0,-16, -8,  1,-12, -5, -4, -8, -8, -3,-12, -9, -3,-11, -8,  }, // 6
  {-14,  4, -1,-15,  4,  1,-12,  7,  2,-16,  2, -5,-16,  1, -3,-14,  4, -2,-14, -1, -8,-16, -2, -6,-14,  1, -5,-11, -4, -8,-12, -5, -7,-10, -3, -7,  }, // 7
  { -5,  1,  4, -4, -2,  4, -2,  2,  6, -8, -2,  1, -7, -4,  1, -5,  0,  3, -9, -4, -2, -9, -7, -2, -7, -3,  0,-10, -6, -5,-11, -9, -6, -8, -7, -4,  }, // 8
  {  5,-11, -2,  1,-17,-10,  3,-16, -8,  6, -9,  0,  2,-15, -7,  4,-12, -5,  4, -9, -3,  0,-16, -9,  1,-13, -7, -1, -8, -6, -4,-11, -9, -3,-10, -8,  }, // 9
  {-10,  9,  2,-18,  0, -3,-12,  2, -2, -9, 12,  4,-12,  3,  0,-11,  6,  0, -9,  9,  2,-12,  1, -2,-10,  4, -1, -6,  4, -2,-10, -3, -6, -7, -1, -5,  }, // 10
  { -1,  2,  5, -5, -9, -1, -3, -5,  1,  0,  4,  7, -5, -6,  1, -2, -1,  3, -1,  2,  5, -5, -7, -1, -3, -2,  2, -6, -2,  0, -8, -9, -5, -6, -6, -3,  }, // 11
  {  1,-13, -6,  6,-17, -5,  3,-16, -7,  2,-12, -5,  8,-15, -1,  4,-14, -4,  0,-11, -7,  5,-14, -3,  2,-13, -6, -4, -9, -8,  0,-12, -7, -3,-11, -8,  }, // 12
  {-16,  1, -7,-16,  3, -1,-17,  1, -4,-15,  3, -6,-15,  8,  2,-16,  5, -2,-13,  0, -8,-15,  5, -1,-14,  2, -5,-10, -4, -9,-14,  0, -5,-11, -3, -8,  }, // 13
  { -7, -1,  0, -3, -2,  3, -5, -3,  1, -7,  0,  1, -1,  2,  7, -5,  1,  3, -8, -3, -1, -3, -1,  4, -5, -1,  1, -9, -6, -4, -7, -5, -1, -8, -6, -4,  }, // 14
  {  2,-12, -4,  2,-18, -7,  4,-14, -5,  4,-11, -2,  4,-16, -5,  6,-11, -2,  2,-10, -5,  2,-16, -6,  3,-12, -4, -3, -8, -7, -3,-12, -8, -1,-10, -7,  }, // 15
  {-13,  4, -2,-15,  1, -1,-12,  4,  0,-12,  6, -1,-14,  5,  1,-11,  8,  2,-11,  4, -3,-12,  2, -1,-10,  5,  0, -8, -1, -5,-12, -2, -5, -8,  1, -4,  }, // 16
  { -5, -1,  2, -5, -6,  1, -3, -2,  3, -5,  0,  3, -4, -2,  3, -2,  2,  5, -5, -1,  1, -5, -4,  1, -3,  0,  3, -8, -4, -3, -8, -8, -3, -6, -5, -2,  }, // 17
  {  1,-10, -4, -3,-15,-12, -1,-14, -9,  4, -9, -1,  0,-13, -8,  2,-11, -5,  7, -6,  1,  2,-13, -6,  4,-11, -4,  3, -5, -2, -2, -9, -7,  0, -8, -6,  }, // 18
  {-10,  5,  0,-13, -4, -6,-13, -1, -4, -9,  9,  2,-11,  0, -3,-10,  4, -1, -6, 12,  4,-11,  4,  1, -8,  6,  1, -5,  8,  1,-11, -2, -3, -6,  2, -2,  }, // 19
  { -5, -1,  2, -8,-12, -5, -6, -8, -2, -3,  2,  5, -7, -8, -1, -5, -3,  1,  1,  4,  7, -4, -6,  1, -2, -1,  3, -3,  1,  3, -6, -8, -3, -4, -4,  0,  }, // 20
  { -3,-14, -9,  2,-17, -8,  0,-16, -9,  0,-12, -5,  5,-15, -3,  2,-12, -5,  2,-11, -4,  8,-11,  0,  5,-11, -2, -1, -7, -6,  4,-10, -3,  1, -9, -5,  }, // 21
  {-15, -1, -8,-17,  0, -4,-16, -2, -7,-16,  1, -7,-14,  5, -1,-16,  2, -4,-13,  4, -6,-11,  9,  3,-13,  6, -2,-11, -1, -7,-12,  3, -2,-10,  1, -5,  }, // 22
  {-11, -5, -2, -6, -6,  0, -8, -6, -2, -9, -2, -1, -3, -1,  4, -6, -1,  1, -6,  1,  1,  0,  3,  7, -3,  2,  3, -7, -3, -2, -4, -3,  2, -5, -3, -1,  }, // 23
  { -1,-11, -6, -1,-16, -9,  1,-14, -7,  1,-10, -3,  2,-14, -5,  3,-10, -3,  4, -8, -2,  5,-13, -3,  6, -8, -1,  0, -6, -4,  1,-10, -5,  2, -8, -4,  }, // 24
  {-13,  1, -4,-15, -2, -4,-12,  1, -3,-13,  4, -2,-13,  2, -1,-12,  5,  0,-11,  6, -1,-11,  6,  2, -8,  8,  2, -8,  3, -3,-10,  1, -2, -8,  4, -1,  }, // 25
  { -8, -4, -1, -8, -9, -2, -5, -5,  0, -7, -1,  2, -6, -5,  1, -4,  0,  3, -4,  1,  3, -2, -2,  3, -1,  2,  5, -6, -2,  0, -6, -6, -1, -4, -2,  1,  }, // 26
  { -2, -8, -7, -6,-12,-11, -4,-11,-10, -1, -6, -6, -4,-10, -9, -3, -8, -8,  3, -5, -3, -1,-11, -7,  0, -8, -6,  7,  0,  2,  2, -7, -4,  4, -5, -2,  }, // 27
  { -7,  2, -3,-11, -6, -7, -8, -4, -6, -8,  4, -2, -9, -4, -6, -8, -1, -4, -5,  8,  1, -7, -1, -3, -6,  3, -2,  0, 11,  5, -4,  3,  0, -2,  5,  2,  }, // 28
  { -6, -4, -2, -9,-10, -7, -8, -8, -5, -6, -2,  0, -8, -9, -4, -7, -5, -3, -2,  1,  3, -6, -7, -2, -4, -3,  0,  2,  5,  7, -2, -4,  1,  0,  0,  3,  }, // 29
  { -6,-11, -9, -2,-14,-11, -3,-12,-11, -4,-10, -8,  0,-14, -7, -3,-12, -8, -2,-11, -6,  4,-12, -4,  1,-10, -6,  2, -4, -2,  9, -6,  1,  5, -5, -1,  }, // 30
  {-12, -6,-10,-13, -2, -7,-12, -5, -9,-11, -3, -9,-12,  0, -5,-12, -2, -8, -9, -2, -8,-10,  3, -3,-10,  1, -6, -7,  3, -4, -6,  8,  3, -6,  5, -1,  }, // 31
  {-10, -7, -6, -9, -7, -3, -9, -7, -6, -9, -6, -5, -7, -5, -1, -8, -5, -3, -7, -3, -3, -3, -2,  2, -5, -2, -1, -4,  0,  1,  1,  3,  6, -1,  2,  4,  }, // 32
  { -4, -7, -7, -4,-12,-10, -3,-10, -8, -3, -7, -6, -3,-11, -8, -1, -8, -6,  0, -6, -4,  1,-10, -5,  2, -8, -4,  4, -2,  0,  5, -6, -1,  6, -3,  1,  }, // 33
  {-10, -3, -7,-12, -6, -8,-11, -3, -7,-10, -1, -6,-11, -3, -6,-10,  1, -5, -8,  2, -4, -9,  1, -3, -8,  4, -2, -5,  5,  0, -5,  5,  2, -3,  8,  3,  }, // 34
  { -8, -6, -5,-10,-10, -6, -8, -7, -4, -8, -5, -3, -8, -8, -4, -7, -4, -2, -6, -2,  0, -5, -5, -1, -4, -1,  1, -2,  2,  3, -1, -1,  4,  1,  3,  5,  }, // 35
};

const short * const *Build_Mu_S_ij_short()
	{
	short **Mx = myalloc(short *, 36);
	for (uint i = 0; i < 36; ++i)
		{
		Mx[i] = myalloc(short, 36);
		for (uint j = 0; j < 36; ++j)
			Mx[i][j] = Mu_S_ij_i8[i][j];
		}
	return Mx;
	}

const short * const *Mu_S_ij_short = Build_Mu_S_ij_short();
