#include "myutils.h"

float ScoreMx_Mu[36][36] = {
  {  3.03f, -0.75f,  1.02f,  0.83f, -2.95f, -1.19f,  1.65f, -2.12f, -0.36f,  1.19f, -2.59f, -0.83f, -1.02f, -4.80f, -3.03f, -0.19f, -3.97f, -2.21f,  0.18f, -3.60f, -1.84f, -2.03f, -5.81f, -4.04f, -1.20f, -4.98f, -3.22f, -0.82f, -4.60f, -2.83f, -3.02f, -6.80f, -5.04f, -2.20f, -5.98f, -4.21f,  }, // 0
  { -0.75f,  3.58f,  1.57f, -2.95f,  1.38f, -0.64f, -2.12f,  2.21f,  0.19f, -2.59f,  1.74f, -0.28f, -4.80f, -0.47f, -2.48f, -3.97f,  0.36f, -1.66f, -3.60f,  0.73f, -1.29f, -5.81f, -1.48f, -3.49f, -4.98f, -0.65f, -2.67f, -4.60f, -0.27f, -2.28f, -6.80f, -2.47f, -4.49f, -5.98f, -1.64f, -3.66f,  }, // 1
  {  1.02f,  1.57f,  2.59f, -1.19f, -0.64f,  0.39f, -0.36f,  0.19f,  1.21f, -0.83f, -0.28f,  0.75f, -3.03f, -2.48f, -1.46f, -2.21f, -1.66f, -0.63f, -1.84f, -1.29f, -0.26f, -4.04f, -3.49f, -2.47f, -3.22f, -2.67f, -1.64f, -2.83f, -2.28f, -1.26f, -5.04f, -4.49f, -3.46f, -4.21f, -3.66f, -2.64f,  }, // 2
  {  0.83f, -2.95f, -1.19f,  3.35f, -0.43f,  1.33f,  1.97f, -1.81f, -0.05f, -1.02f, -4.80f, -3.03f,  1.50f, -2.28f, -0.51f,  0.12f, -3.66f, -1.89f, -2.03f, -5.81f, -4.04f,  0.49f, -3.29f, -1.52f, -0.89f, -4.67f, -2.90f, -3.02f, -6.80f, -5.04f, -0.50f, -4.28f, -2.52f, -1.88f, -5.66f, -3.90f,  }, // 3
  { -2.95f,  1.38f, -0.64f, -0.43f,  3.90f,  1.88f, -1.81f,  2.52f,  0.50f, -4.80f, -0.47f, -2.48f, -2.28f,  2.06f,  0.04f, -3.66f,  0.67f, -1.34f, -5.81f, -1.48f, -3.49f, -3.29f,  1.04f, -0.97f, -4.67f, -0.34f, -2.35f, -6.80f, -2.47f, -4.49f, -4.28f,  0.05f, -1.97f, -5.66f, -1.33f, -3.35f,  }, // 4
  { -1.19f, -0.64f,  0.39f,  1.33f,  1.88f,  2.91f, -0.05f,  0.50f,  1.53f, -3.03f, -2.48f, -1.46f, -0.51f,  0.04f,  1.06f, -1.89f, -1.34f, -0.32f, -4.04f, -3.49f, -2.47f, -1.52f, -0.97f,  0.05f, -2.90f, -2.35f, -1.33f, -5.04f, -4.49f, -3.46f, -2.52f, -1.97f, -0.94f, -3.90f, -3.35f, -2.32f,  }, // 5
  {  1.65f, -2.12f, -0.36f,  1.97f, -1.81f, -0.05f,  2.70f, -1.08f,  0.69f, -0.19f, -3.97f, -2.21f,  0.12f, -3.66f, -1.89f,  0.86f, -2.92f, -1.16f, -1.20f, -4.98f, -3.22f, -0.89f, -4.67f, -2.90f, -0.15f, -3.93f, -2.17f, -2.20f, -5.98f, -4.21f, -1.88f, -5.66f, -3.90f, -1.15f, -4.93f, -3.16f,  }, // 6
  { -2.12f,  2.21f,  0.19f, -1.81f,  2.52f,  0.50f, -1.08f,  3.25f,  1.24f, -3.97f,  0.36f, -1.66f, -3.66f,  0.67f, -1.34f, -2.92f,  1.41f, -0.61f, -4.98f, -0.65f, -2.67f, -4.67f, -0.34f, -2.35f, -3.93f,  0.40f, -1.62f, -5.98f, -1.64f, -3.66f, -5.66f, -1.33f, -3.35f, -4.93f, -0.60f, -2.61f,  }, // 7
  { -0.36f,  0.19f,  1.21f, -0.05f,  0.50f,  1.53f,  0.69f,  1.24f,  2.26f, -2.21f, -1.66f, -0.63f, -1.89f, -1.34f, -0.32f, -1.16f, -0.61f,  0.42f, -3.22f, -2.67f, -1.64f, -2.90f, -2.35f, -1.33f, -2.17f, -1.62f, -0.59f, -4.21f, -3.66f, -2.64f, -3.90f, -3.35f, -2.32f, -3.16f, -2.61f, -1.59f,  }, // 8
  {  1.19f, -2.59f, -0.83f, -1.02f, -4.80f, -3.03f, -0.19f, -3.97f, -2.21f,  2.08f, -1.69f,  0.07f, -0.12f, -3.90f, -2.13f,  0.71f, -3.07f, -1.31f,  1.17f, -2.61f, -0.85f, -1.03f, -4.81f, -3.05f, -0.21f, -3.99f, -2.23f,  0.61f, -3.17f, -1.40f, -1.59f, -5.37f, -3.61f, -0.77f, -4.54f, -2.78f,  }, // 9
  { -2.59f,  1.74f, -0.28f, -4.80f, -0.47f, -2.48f, -3.97f,  0.36f, -1.66f, -1.69f,  2.64f,  0.62f, -3.90f,  0.43f, -1.58f, -3.07f,  1.26f, -0.76f, -2.61f,  1.72f, -0.30f, -4.81f, -0.48f, -2.50f, -3.99f,  0.34f, -1.67f, -3.17f,  1.16f, -0.85f, -5.37f, -1.04f, -3.05f, -4.54f, -0.21f, -2.23f,  }, // 10
  { -0.83f, -0.28f,  0.75f, -3.03f, -2.48f, -1.46f, -2.21f, -1.66f, -0.63f,  0.07f,  0.62f,  1.65f, -2.13f, -1.58f, -0.56f, -1.31f, -0.76f,  0.27f, -0.85f, -0.30f,  0.73f, -3.05f, -2.50f, -1.47f, -2.23f, -1.67f, -0.65f, -1.40f, -0.85f,  0.17f, -3.61f, -3.05f, -2.03f, -2.78f, -2.23f, -1.21f,  }, // 11
  { -1.02f, -4.80f, -3.03f,  1.50f, -2.28f, -0.51f,  0.12f, -3.66f, -1.89f, -0.12f, -3.90f, -2.13f,  2.40f, -1.38f,  0.39f,  1.02f, -2.76f, -0.99f, -1.03f, -4.81f, -3.05f,  1.49f, -2.29f, -0.53f,  0.10f, -3.67f, -1.91f, -1.59f, -5.37f, -3.61f,  0.93f, -2.85f, -1.09f, -0.45f, -4.23f, -2.47f,  }, // 12
  { -4.80f, -0.47f, -2.48f, -2.28f,  2.06f,  0.04f, -3.66f,  0.67f, -1.34f, -3.90f,  0.43f, -1.58f, -1.38f,  2.95f,  0.94f, -2.76f,  1.57f, -0.44f, -4.81f, -0.48f, -2.50f, -2.29f,  2.04f,  0.02f, -3.67f,  0.66f, -1.36f, -5.37f, -1.04f, -3.05f, -2.85f,  1.48f, -0.53f, -4.23f,  0.10f, -1.91f,  }, // 13
  { -3.03f, -2.48f, -1.46f, -0.51f,  0.04f,  1.06f, -1.89f, -1.34f, -0.32f, -2.13f, -1.58f, -0.56f,  0.39f,  0.94f,  1.96f, -0.99f, -0.44f,  0.58f, -3.05f, -2.50f, -1.47f, -0.53f,  0.02f,  1.05f, -1.91f, -1.36f, -0.34f, -3.61f, -3.05f, -2.03f, -1.09f, -0.53f,  0.49f, -2.47f, -1.91f, -0.89f,  }, // 14
  { -0.19f, -3.97f, -2.21f,  0.12f, -3.66f, -1.89f,  0.86f, -2.92f, -1.16f,  0.71f, -3.07f, -1.31f,  1.02f, -2.76f, -0.99f,  1.75f, -2.02f, -0.26f, -0.21f, -3.99f, -2.23f,  0.10f, -3.67f, -1.91f,  0.84f, -2.94f, -1.18f, -0.77f, -4.54f, -2.78f, -0.45f, -4.23f, -2.47f,  0.28f, -3.50f, -1.73f,  }, // 15
  { -3.97f,  0.36f, -1.66f, -3.66f,  0.67f, -1.34f, -2.92f,  1.41f, -0.61f, -3.07f,  1.26f, -0.76f, -2.76f,  1.57f, -0.44f, -2.02f,  2.31f,  0.29f, -3.99f,  0.34f, -1.67f, -3.67f,  0.66f, -1.36f, -2.94f,  1.39f, -0.63f, -4.54f, -0.21f, -2.23f, -4.23f,  0.10f, -1.91f, -3.50f,  0.83f, -1.18f,  }, // 16
  { -2.21f, -1.66f, -0.63f, -1.89f, -1.34f, -0.32f, -1.16f, -0.61f,  0.42f, -1.31f, -0.76f,  0.27f, -0.99f, -0.44f,  0.58f, -0.26f,  0.29f,  1.31f, -2.23f, -1.67f, -0.65f, -1.91f, -1.36f, -0.34f, -1.18f, -0.63f,  0.40f, -2.78f, -2.23f, -1.21f, -2.47f, -1.91f, -0.89f, -1.73f, -1.18f, -0.16f,  }, // 17
  {  0.18f, -3.60f, -1.84f, -2.03f, -5.81f, -4.04f, -1.20f, -4.98f, -3.22f,  1.17f, -2.61f, -0.85f, -1.03f, -4.81f, -3.05f, -0.21f, -3.99f, -2.23f,  2.70f, -1.08f,  0.69f,  0.50f, -3.28f, -1.52f,  1.32f, -2.46f, -0.69f,  1.30f, -2.47f, -0.71f, -0.90f, -4.68f, -2.91f, -0.07f, -3.85f, -2.09f,  }, // 18
  { -3.60f,  0.73f, -1.29f, -5.81f, -1.48f, -3.49f, -4.98f, -0.65f, -2.67f, -2.61f,  1.72f, -0.30f, -4.81f, -0.48f, -2.50f, -3.99f,  0.34f, -1.67f, -1.08f,  3.25f,  1.24f, -3.28f,  1.05f, -0.97f, -2.46f,  1.87f, -0.14f, -2.47f,  1.86f, -0.16f, -4.68f, -0.35f, -2.36f, -3.85f,  0.48f, -1.54f,  }, // 19
  { -1.84f, -1.29f, -0.26f, -4.04f, -3.49f, -2.47f, -3.22f, -2.67f, -1.64f, -0.85f, -0.30f,  0.73f, -3.05f, -2.50f, -1.47f, -2.23f, -1.67f, -0.65f,  0.69f,  1.24f,  2.26f, -1.52f, -0.97f,  0.06f, -0.69f, -0.14f,  0.88f, -0.71f, -0.16f,  0.86f, -2.91f, -2.36f, -1.34f, -2.09f, -1.54f, -0.51f,  }, // 20
  { -2.03f, -5.81f, -4.04f,  0.49f, -3.29f, -1.52f, -0.89f, -4.67f, -2.90f, -1.03f, -4.81f, -3.05f,  1.49f, -2.29f, -0.53f,  0.10f, -3.67f, -1.91f,  0.50f, -3.28f, -1.52f,  3.02f, -0.76f,  1.00f,  1.64f, -2.14f, -0.38f, -0.90f, -4.68f, -2.91f,  1.62f, -2.16f, -0.39f,  0.24f, -3.54f, -1.77f,  }, // 21
  { -5.81f, -1.48f, -3.49f, -3.29f,  1.04f, -0.97f, -4.67f, -0.34f, -2.35f, -4.81f, -0.48f, -2.50f, -2.29f,  2.04f,  0.02f, -3.67f,  0.66f, -1.36f, -3.28f,  1.05f, -0.97f, -0.76f,  3.57f,  1.55f, -2.14f,  2.19f,  0.17f, -4.68f, -0.35f, -2.36f, -2.16f,  2.17f,  0.16f, -3.54f,  0.79f, -1.22f,  }, // 22
  { -4.04f, -3.49f, -2.47f, -1.52f, -0.97f,  0.05f, -2.90f, -2.35f, -1.33f, -3.05f, -2.50f, -1.47f, -0.53f,  0.02f,  1.05f, -1.91f, -1.36f, -0.34f, -1.52f, -0.97f,  0.06f,  1.00f,  1.55f,  2.58f, -0.38f,  0.17f,  1.20f, -2.91f, -2.36f, -1.34f, -0.39f,  0.16f,  1.18f, -1.77f, -1.22f, -0.20f,  }, // 23
  { -1.20f, -4.98f, -3.22f, -0.89f, -4.67f, -2.90f, -0.15f, -3.93f, -2.17f, -0.21f, -3.99f, -2.23f,  0.10f, -3.67f, -1.91f,  0.84f, -2.94f, -1.18f,  1.32f, -2.46f, -0.69f,  1.64f, -2.14f, -0.38f,  2.37f, -1.41f,  0.35f, -0.07f, -3.85f, -2.09f,  0.24f, -3.54f, -1.77f,  0.97f, -2.81f, -1.04f,  }, // 24
  { -4.98f, -0.65f, -2.67f, -4.67f, -0.34f, -2.35f, -3.93f,  0.40f, -1.62f, -3.99f,  0.34f, -1.67f, -3.67f,  0.66f, -1.36f, -2.94f,  1.39f, -0.63f, -2.46f,  1.87f, -0.14f, -2.14f,  2.19f,  0.17f, -1.41f,  2.92f,  0.91f, -3.85f,  0.48f, -1.54f, -3.54f,  0.79f, -1.22f, -2.81f,  1.52f, -0.49f,  }, // 25
  { -3.22f, -2.67f, -1.64f, -2.90f, -2.35f, -1.33f, -2.17f, -1.62f, -0.59f, -2.23f, -1.67f, -0.65f, -1.91f, -1.36f, -0.34f, -1.18f, -0.63f,  0.40f, -0.69f, -0.14f,  0.88f, -0.38f,  0.17f,  1.20f,  0.35f,  0.91f,  1.93f, -2.09f, -1.54f, -0.51f, -1.77f, -1.22f, -0.20f, -1.04f, -0.49f,  0.53f,  }, // 26
  { -0.82f, -4.60f, -2.83f, -3.02f, -6.80f, -5.04f, -2.20f, -5.98f, -4.21f,  0.61f, -3.17f, -1.40f, -1.59f, -5.37f, -3.61f, -0.77f, -4.54f, -2.78f,  1.30f, -2.47f, -0.71f, -0.90f, -4.68f, -2.91f, -0.07f, -3.85f, -2.09f,  2.57f, -1.21f,  0.55f,  0.36f, -3.42f, -1.65f,  1.19f, -2.59f, -0.83f,  }, // 27
  { -4.60f, -0.27f, -2.28f, -6.80f, -2.47f, -4.49f, -5.98f, -1.64f, -3.66f, -3.17f,  1.16f, -0.85f, -5.37f, -1.04f, -3.05f, -4.54f, -0.21f, -2.23f, -2.47f,  1.86f, -0.16f, -4.68f, -0.35f, -2.36f, -3.85f,  0.48f, -1.54f, -1.21f,  3.12f,  1.10f, -3.42f,  0.91f, -1.10f, -2.59f,  1.74f, -0.28f,  }, // 28
  { -2.83f, -2.28f, -1.26f, -5.04f, -4.49f, -3.46f, -4.21f, -3.66f, -2.64f, -1.40f, -0.85f,  0.17f, -3.61f, -3.05f, -2.03f, -2.78f, -2.23f, -1.21f, -0.71f, -0.16f,  0.86f, -2.91f, -2.36f, -1.34f, -2.09f, -1.54f, -0.51f,  0.55f,  1.10f,  2.13f, -1.65f, -1.10f, -0.08f, -0.83f, -0.28f,  0.75f,  }, // 29
  { -3.02f, -6.80f, -5.04f, -0.50f, -4.28f, -2.52f, -1.88f, -5.66f, -3.90f, -1.59f, -5.37f, -3.61f,  0.93f, -2.85f, -1.09f, -0.45f, -4.23f, -2.47f, -0.90f, -4.68f, -2.91f,  1.62f, -2.16f, -0.39f,  0.24f, -3.54f, -1.77f,  0.36f, -3.42f, -1.65f,  2.88f, -0.90f,  0.87f,  1.50f, -2.28f, -0.51f,  }, // 30
  { -6.80f, -2.47f, -4.49f, -4.28f,  0.05f, -1.97f, -5.66f, -1.33f, -3.35f, -5.37f, -1.04f, -3.05f, -2.85f,  1.48f, -0.53f, -4.23f,  0.10f, -1.91f, -4.68f, -0.35f, -2.36f, -2.16f,  2.17f,  0.16f, -3.54f,  0.79f, -1.22f, -3.42f,  0.91f, -1.10f, -0.90f,  3.44f,  1.42f, -2.28f,  2.05f,  0.04f,  }, // 31
  { -5.04f, -4.49f, -3.46f, -2.52f, -1.97f, -0.94f, -3.90f, -3.35f, -2.32f, -3.61f, -3.05f, -2.03f, -1.09f, -0.53f,  0.49f, -2.47f, -1.91f, -0.89f, -2.91f, -2.36f, -1.34f, -0.39f,  0.16f,  1.18f, -1.77f, -1.22f, -0.20f, -1.65f, -1.10f, -0.08f,  0.87f,  1.42f,  2.44f, -0.51f,  0.04f,  1.06f,  }, // 32
  { -2.20f, -5.98f, -4.21f, -1.88f, -5.66f, -3.90f, -1.15f, -4.93f, -3.16f, -0.77f, -4.54f, -2.78f, -0.45f, -4.23f, -2.47f,  0.28f, -3.50f, -1.73f, -0.07f, -3.85f, -2.09f,  0.24f, -3.54f, -1.77f,  0.97f, -2.81f, -1.04f,  1.19f, -2.59f, -0.83f,  1.50f, -2.28f, -0.51f,  2.24f, -1.54f,  0.22f,  }, // 33
  { -5.98f, -1.64f, -3.66f, -5.66f, -1.33f, -3.35f, -4.93f, -0.60f, -2.61f, -4.54f, -0.21f, -2.23f, -4.23f,  0.10f, -1.91f, -3.50f,  0.83f, -1.18f, -3.85f,  0.48f, -1.54f, -3.54f,  0.79f, -1.22f, -2.81f,  1.52f, -0.49f, -2.59f,  1.74f, -0.28f, -2.28f,  2.05f,  0.04f, -1.54f,  2.79f,  0.77f,  }, // 34
  { -4.21f, -3.66f, -2.64f, -3.90f, -3.35f, -2.32f, -3.16f, -2.61f, -1.59f, -2.78f, -2.23f, -1.21f, -2.47f, -1.91f, -0.89f, -1.73f, -1.18f, -0.16f, -2.09f, -1.54f, -0.51f, -1.77f, -1.22f, -0.20f, -1.04f, -0.49f,  0.53f, -0.83f, -0.28f,  0.75f, -0.51f,  0.04f,  1.06f,  0.22f,  0.77f,  1.80f,  }, // 35
};

int8_t IntScoreMx_Mu[36][36] = {
  {   3,  -3,   0,   1,  -6,  -2,   2,  -5,  -2,   2,  -3,   0,   0,  -5,  -2,   1,  -4,  -2,   0,  -3,  -2,  -1,  -5,  -4,   0,  -4,  -3,  -1,  -2,  -2,  -2,  -4,  -3,  -1,  -3,  -3,  }, // 0
  {  -3,   4,   2,  -4,   1,   0,  -3,   1,   0,  -4,   3,   1,  -4,   0,   0,  -4,   1,   0,  -3,   2,   0,  -5,   0,  -2,  -4,   0,  -1,  -3,   1,  -1,  -4,  -2,  -2,  -2,  -1,  -2,  }, // 1
  {   0,   2,   3,  -1,  -2,   1,   0,   0,   1,  -1,   1,   2,  -2,  -2,   0,  -1,  -1,   1,  -1,   0,   1,  -3,  -3,  -1,  -2,  -1,   0,  -2,  -1,  -1,  -3,  -3,  -2,  -2,  -2,  -2,  }, // 2
  {   1,  -4,  -1,   3,  -5,  -1,   2,  -5,  -1,   0,  -6,  -2,   2,  -5,  -1,   1,  -5,  -2,  -1,  -4,  -3,   1,  -6,  -2,   0,  -5,  -3,  -2,  -4,  -3,  -1,  -4,  -3,  -1,  -4,  -3,  }, // 3
  {  -6,   1,  -2,  -5,   2,   0,  -6,   1,  -1,  -6,   0,  -3,  -6,   1,  -1,  -6,   0,  -2,  -5,  -1,  -4,  -6,   0,  -2,  -5,  -1,  -3,  -4,  -2,  -3,  -5,  -1,  -2,  -4,  -2,  -3,  }, // 4
  {  -2,   0,   1,  -1,   0,   2,  -2,   0,   1,  -3,  -1,   0,  -2,   0,   1,  -2,   0,   0,  -4,  -2,  -2,  -3,  -1,   0,  -3,  -1,  -1,  -4,  -2,  -2,  -4,  -2,  -1,  -3,  -3,  -2,  }, // 5
  {   2,  -3,   0,   2,  -6,  -2,   2,  -4,  -1,   1,  -4,  -1,   1,  -6,  -2,   1,  -4,  -1,   0,  -4,  -2,   0,  -5,  -3,   0,  -4,  -2,  -1,  -3,  -3,  -1,  -4,  -3,  -1,  -4,  -3,  }, // 6
  {  -5,   1,   0,  -5,   1,   0,  -4,   2,   1,  -5,   1,  -2,  -5,   0,  -1,  -5,   1,  -1,  -5,   0,  -3,  -5,  -1,  -2,  -5,   0,  -2,  -4,  -1,  -3,  -4,  -2,  -2,  -3,  -1,  -2,  }, // 7
  {  -2,   0,   1,  -1,  -1,   1,  -1,   1,   2,  -3,  -1,   0,  -2,  -1,   0,  -2,   0,   1,  -3,  -1,  -1,  -3,  -2,  -1,  -2,  -1,   0,  -3,  -2,  -2,  -4,  -3,  -2,  -3,  -2,  -1,  }, // 8
  {   2,  -4,  -1,   0,  -6,  -3,   1,  -5,  -3,   2,  -3,   0,   1,  -5,  -2,   1,  -4,  -2,   1,  -3,  -1,   0,  -5,  -3,   0,  -4,  -2,   0,  -3,  -2,  -1,  -4,  -3,  -1,  -3,  -3,  }, // 9
  {  -3,   3,   1,  -6,   0,  -1,  -4,   1,  -1,  -3,   4,   1,  -4,   1,   0,  -4,   2,   0,  -3,   3,   1,  -4,   0,  -1,  -3,   1,   0,  -2,   1,  -1,  -3,  -1,  -2,  -2,   0,  -2,  }, // 10
  {   0,   1,   2,  -2,  -3,   0,  -1,  -2,   0,   0,   1,   2,  -2,  -2,   0,  -1,   0,   1,   0,   1,   2,  -2,  -2,   0,  -1,  -1,   1,  -2,  -1,   0,  -3,  -3,  -2,  -2,  -2,  -1,  }, // 11
  {   0,  -4,  -2,   2,  -6,  -2,   1,  -5,  -2,   1,  -4,  -2,   3,  -5,   0,   1,  -5,  -1,   0,  -4,  -2,   2,  -5,  -1,   1,  -4,  -2,  -1,  -3,  -3,   0,  -4,  -2,  -1,  -4,  -3,  }, // 12
  {  -5,   0,  -2,  -5,   1,   0,  -6,   0,  -1,  -5,   1,  -2,  -5,   3,   1,  -5,   2,  -1,  -4,   0,  -3,  -5,   2,   0,  -5,   1,  -2,  -3,  -1,  -3,  -5,   0,  -2,  -4,  -1,  -3,  }, // 13
  {  -2,   0,   0,  -1,  -1,   1,  -2,  -1,   0,  -2,   0,   0,   0,   1,   2,  -2,   0,   1,  -3,  -1,   0,  -1,   0,   1,  -2,   0,   0,  -3,  -2,  -1,  -2,  -2,   0,  -3,  -2,  -1,  }, // 14
  {   1,  -4,  -1,   1,  -6,  -2,   1,  -5,  -2,   1,  -4,  -1,   1,  -5,  -2,   2,  -4,  -1,   1,  -3,  -2,   1,  -5,  -2,   1,  -4,  -1,  -1,  -3,  -2,  -1,  -4,  -3,   0,  -3,  -2,  }, // 15
  {  -4,   1,  -1,  -5,   0,   0,  -4,   1,   0,  -4,   2,   0,  -5,   2,   0,  -4,   3,   1,  -4,   1,  -1,  -4,   1,   0,  -3,   2,   0,  -3,   0,  -2,  -4,  -1,  -2,  -3,   0,  -1,  }, // 16
  {  -2,   0,   1,  -2,  -2,   0,  -1,  -1,   1,  -2,   0,   1,  -1,  -1,   1,  -1,   1,   2,  -2,   0,   0,  -2,  -1,   0,  -1,   0,   1,  -3,  -1,  -1,  -3,  -3,  -1,  -2,  -2,  -1,  }, // 17
  {   0,  -3,  -1,  -1,  -5,  -4,   0,  -5,  -3,   1,  -3,   0,   0,  -4,  -3,   1,  -4,  -2,   2,  -2,   0,   1,  -4,  -2,   1,  -4,  -1,   1,  -2,  -1,  -1,  -3,  -2,   0,  -3,  -2,  }, // 18
  {  -3,   2,   0,  -4,  -1,  -2,  -4,   0,  -1,  -3,   3,   1,  -4,   0,  -1,  -3,   1,   0,  -2,   4,   1,  -4,   1,   0,  -3,   2,   0,  -2,   3,   0,  -4,  -1,  -1,  -2,   1,  -1,  }, // 19
  {  -2,   0,   1,  -3,  -4,  -2,  -2,  -3,  -1,  -1,   1,   2,  -2,  -3,   0,  -2,  -1,   0,   0,   1,   2,  -1,  -2,   0,  -1,   0,   1,  -1,   0,   1,  -2,  -3,  -1,  -1,  -1,   0,  }, // 20
  {  -1,  -5,  -3,   1,  -6,  -3,   0,  -5,  -3,   0,  -4,  -2,   2,  -5,  -1,   1,  -4,  -2,   1,  -4,  -1,   3,  -4,   0,   2,  -4,  -1,   0,  -2,  -2,   1,  -3,  -1,   0,  -3,  -2,  }, // 21
  {  -5,   0,  -3,  -6,   0,  -1,  -5,  -1,  -2,  -5,   0,  -2,  -5,   2,   0,  -5,   1,  -1,  -4,   1,  -2,  -4,   3,   1,  -4,   2,  -1,  -4,   0,  -2,  -4,   1,  -1,  -3,   0,  -2,  }, // 22
  {  -4,  -2,  -1,  -2,  -2,   0,  -3,  -2,  -1,  -3,  -1,   0,  -1,   0,   1,  -2,   0,   0,  -2,   0,   0,   0,   1,   2,  -1,   1,   1,  -2,  -1,  -1,  -1,  -1,   1,  -2,  -1,   0,  }, // 23
  {   0,  -4,  -2,   0,  -5,  -3,   0,  -5,  -2,   0,  -3,  -1,   1,  -5,  -2,   1,  -3,  -1,   1,  -3,  -1,   2,  -4,  -1,   2,  -3,   0,   0,  -2,  -1,   0,  -3,  -2,   1,  -3,  -1,  }, // 24
  {  -4,   0,  -1,  -5,  -1,  -1,  -4,   0,  -1,  -4,   1,  -1,  -4,   1,   0,  -4,   2,   0,  -4,   2,   0,  -4,   2,   1,  -3,   3,   1,  -3,   1,  -1,  -3,   0,  -1,  -3,   1,   0,  }, // 25
  {  -3,  -1,   0,  -3,  -3,  -1,  -2,  -2,   0,  -2,   0,   1,  -2,  -2,   0,  -1,   0,   1,  -1,   0,   1,  -1,  -1,   1,   0,   1,   2,  -2,  -1,   0,  -2,  -2,   0,  -1,  -1,   0,  }, // 26
  {  -1,  -3,  -2,  -2,  -4,  -4,  -1,  -4,  -3,   0,  -2,  -2,  -1,  -3,  -3,  -1,  -3,  -3,   1,  -2,  -1,   0,  -4,  -2,   0,  -3,  -2,   2,   0,   1,   1,  -2,  -1,   1,  -2,  -1,  }, // 27
  {  -2,   1,  -1,  -4,  -2,  -2,  -3,  -1,  -2,  -3,   1,  -1,  -3,  -1,  -2,  -3,   0,  -1,  -2,   3,   0,  -2,   0,  -1,  -2,   1,  -1,   0,   4,   2,  -1,   1,   0,  -1,   2,   1,  }, // 28
  {  -2,  -1,  -1,  -3,  -3,  -2,  -3,  -3,  -2,  -2,  -1,   0,  -3,  -3,  -1,  -2,  -2,  -1,  -1,   0,   1,  -2,  -2,  -1,  -1,  -1,   0,   1,   2,   2,  -1,  -1,   0,   0,   0,   1,  }, // 29
  {  -2,  -4,  -3,  -1,  -5,  -4,  -1,  -4,  -4,  -1,  -3,  -3,   0,  -5,  -2,  -1,  -4,  -3,  -1,  -4,  -2,   1,  -4,  -1,   0,  -3,  -2,   1,  -1,  -1,   3,  -2,   0,   2,  -2,   0,  }, // 30
  {  -4,  -2,  -3,  -4,  -1,  -2,  -4,  -2,  -3,  -4,  -1,  -3,  -4,   0,  -2,  -4,  -1,  -3,  -3,  -1,  -3,  -3,   1,  -1,  -3,   0,  -2,  -2,   1,  -1,  -2,   3,   1,  -2,   2,   0,  }, // 31
  {  -3,  -2,  -2,  -3,  -2,  -1,  -3,  -2,  -2,  -3,  -2,  -2,  -2,  -2,   0,  -3,  -2,  -1,  -2,  -1,  -1,  -1,  -1,   1,  -2,  -1,   0,  -1,   0,   0,   0,   1,   2,   0,   1,   1,  }, // 32
  {  -1,  -2,  -2,  -1,  -4,  -3,  -1,  -3,  -3,  -1,  -2,  -2,  -1,  -4,  -3,   0,  -3,  -2,   0,  -2,  -1,   0,  -3,  -2,   1,  -3,  -1,   1,  -1,   0,   2,  -2,   0,   2,  -1,   0,  }, // 33
  {  -3,  -1,  -2,  -4,  -2,  -3,  -4,  -1,  -2,  -3,   0,  -2,  -4,  -1,  -2,  -3,   0,  -2,  -3,   1,  -1,  -3,   0,  -1,  -3,   1,  -1,  -2,   2,   0,  -2,   2,   1,  -1,   3,   1,  }, // 34
  {  -3,  -2,  -2,  -3,  -3,  -2,  -3,  -2,  -1,  -3,  -2,  -1,  -3,  -3,  -1,  -2,  -1,  -1,  -2,  -1,   0,  -2,  -2,   0,  -1,   0,   0,  -1,   1,   1,   0,   0,   1,   0,   1,   2,  }, // 35
};

int8_t Mu_S_ij_i8[36][36] = {
  {   5,  -5,   0,   3, -11,  -5,   3, -10,  -3,   3,  -7,  -1,   1, -11,  -5,   2,  -9,  -4,   1,  -7,  -3,  -2, -10,  -7,  -1,  -9,  -5,  -1,  -5,  -4,  -4,  -8,  -7,  -3,  -7,  -5,  }, // 0
  {  -5,   8,   4,  -7,   1,   0,  -6,   3,   1,  -7,   6,   1,  -9,   0,  -1,  -8,   3,  -1,  -7,   4,  -1,  -9,  -1,  -3,  -7,   1,  -2,  -5,   1,  -3,  -7,  -4,  -5,  -5,  -2,  -4,  }, // 1
  {   0,   4,   6,  -2,  -4,   1,  -1,  -1,   2,  -2,   2,   3,  -4,  -5,   0,  -2,  -1,   1,  -3,   0,   2,  -6,  -5,  -1,  -4,  -3,   0,  -5,  -2,  -1,  -6,  -7,  -4,  -5,  -5,  -3,  }, // 2
  {   3,  -7,  -2,   6, -10,  -2,   4, -10,  -3,   1, -12,  -3,   4, -11,  -2,   2, -10,  -3,  -2,  -9,  -6,   1, -12,  -4,  -1, -10,  -5,  -4,  -7,  -6,  -1,  -9,  -6,  -3,  -8,  -6,  }, // 3
  { -11,   1,  -4, -10,   4,   1, -11,   3,  -1, -12,   0,  -6, -11,   2,  -2, -12,   0,  -4, -10,  -3,  -8, -11,   0,  -4, -11,  -2,  -6,  -8,  -4,  -7,  -9,  -2,  -5,  -8,  -4,  -6,  }, // 4
  {  -5,   0,   1,  -2,   1,   4,  -3,   1,   3,  -7,  -2,  -1,  -3,  -1,   2,  -5,  -1,   1,  -8,  -4,  -3,  -5,  -3,   0,  -6,  -3,  -1,  -7,  -5,  -5,  -7,  -5,  -2,  -7,  -5,  -4,  }, // 5
  {   3,  -6,  -1,   4, -11,  -3,   5,  -8,  -2,   2,  -8,  -2,   2, -11,  -4,   3,  -8,  -2,  -1,  -8,  -4,   0, -11,  -5,   1,  -8,  -4,  -3,  -6,  -5,  -2,  -8,  -6,  -2,  -7,  -5,  }, // 6
  { -10,   3,  -1, -10,   3,   1,  -8,   5,   2, -10,   1,  -3, -11,   0,  -2,  -9,   2,  -1, -10,  -1,  -5, -10,  -1,  -4,  -9,   0,  -3,  -7,  -3,  -5,  -8,  -3,  -5,  -7,  -2,  -5,  }, // 7
  {  -3,   1,   2,  -3,  -1,   3,  -2,   2,   4,  -5,  -1,   1,  -5,  -3,   1,  -3,   0,   2,  -6,  -3,  -1,  -6,  -5,  -1,  -4,  -2,   0,  -6,  -4,  -4,  -7,  -6,  -4,  -6,  -4,  -3,  }, // 8
  {   3,  -7,  -2,   1, -12,  -7,   2, -10,  -5,   4,  -6,   0,   1, -10,  -5,   3,  -8,  -3,   3,  -6,  -2,   0, -11,  -6,   1,  -8,  -5,   0,  -5,  -4,  -3,  -8,  -6,  -2,  -7,  -5,  }, // 9
  {  -7,   6,   2, -12,   0,  -2,  -8,   1,  -1,  -6,   8,   3,  -8,   2,   0,  -8,   4,   0,  -6,   6,   1,  -8,   0,  -2,  -6,   3,  -1,  -4,   3,  -1,  -7,  -2,  -4,  -5,   0,  -3,  }, // 10
  {  -1,   1,   3,  -3,  -6,  -1,  -2,  -3,   1,   0,   3,   5,  -3,  -4,   1,  -1,  -1,   2,  -1,   1,   3,  -4,  -5,   0,  -2,  -2,   1,  -4,  -2,   0,  -5,  -6,  -3,  -4,  -4,  -2,  }, // 11
  {   1,  -9,  -4,   4, -11,  -3,   2, -11,  -5,   1,  -8,  -3,   5, -10,  -1,   3,  -9,  -3,   0,  -8,  -5,   4, -10,  -2,   1,  -8,  -4,  -3,  -6,  -6,   0,  -8,  -5,  -2,  -8,  -6,  }, // 12
  { -11,   0,  -5, -11,   2,  -1, -11,   0,  -3, -10,   2,  -4, -10,   5,   1, -11,   3,  -2,  -9,   0,  -6, -10,   3,  -1, -10,   1,  -3,  -7,  -2,  -6,  -9,   0,  -3,  -7,  -2,  -5,  }, // 13
  {  -5,  -1,   0,  -2,  -2,   2,  -4,  -2,   1,  -5,   0,   1,  -1,   1,   4,  -3,   1,   2,  -5,  -2,  -1,  -2,   0,   3,  -3,  -1,   1,  -6,  -4,  -3,  -4,  -3,  -1,  -5,  -4,  -3,  }, // 14
  {   2,  -8,  -2,   2, -12,  -5,   3,  -9,  -3,   3,  -8,  -1,   3, -11,  -3,   4,  -7,  -1,   1,  -7,  -3,   1, -11,  -4,   2,  -8,  -3,  -2,  -5,  -5,  -2,  -8,  -5,  -1,  -7,  -4,  }, // 15
  {  -9,   3,  -1, -10,   0,  -1,  -8,   2,   0,  -8,   4,  -1,  -9,   3,   1,  -7,   5,   1,  -7,   2,  -2,  -8,   1,  -1,  -6,   3,   0,  -5,   0,  -3,  -8,  -2,  -3,  -5,   0,  -3,  }, // 16
  {  -4,  -1,   1,  -3,  -4,   1,  -2,  -1,   2,  -3,   0,   2,  -3,  -2,   2,  -1,   1,   3,  -4,  -1,   1,  -3,  -3,   1,  -2,   0,   2,  -5,  -3,  -2,  -5,  -5,  -2,  -4,  -3,  -1,  }, // 17
  {   1,  -7,  -3,  -2, -10,  -8,  -1, -10,  -6,   3,  -6,  -1,   0,  -9,  -5,   1,  -7,  -4,   5,  -4,   0,   1,  -9,  -4,   3,  -7,  -3,   2,  -3,  -2,  -1,  -6,  -5,   0,  -5,  -4,  }, // 18
  {  -7,   4,   0,  -9,  -3,  -4,  -8,  -1,  -3,  -6,   6,   1,  -8,   0,  -2,  -7,   2,  -1,  -4,   8,   3,  -7,   2,   0,  -5,   4,   1,  -4,   5,   1,  -7,  -1,  -2,  -4,   1,  -1,  }, // 19
  {  -3,  -1,   2,  -6,  -8,  -3,  -4,  -5,  -1,  -2,   1,   3,  -5,  -6,  -1,  -3,  -2,   1,   0,   3,   5,  -3,  -4,   1,  -1,   0,   2,  -2,   1,   2,  -4,  -5,  -2,  -3,  -3,   0,  }, // 20
  {  -2,  -9,  -6,   1, -11,  -5,   0, -10,  -6,   0,  -8,  -4,   4, -10,  -2,   1,  -8,  -3,   1,  -7,  -3,   5,  -7,   0,   3,  -7,  -2,   0,  -4,  -4,   3,  -7,  -2,   1,  -6,  -3,  }, // 21
  { -10,  -1,  -5, -12,   0,  -3, -11,  -1,  -5, -11,   0,  -5, -10,   3,   0, -11,   1,  -3,  -9,   2,  -4,  -7,   6,   2,  -8,   4,  -1,  -7,  -1,  -5,  -8,   2,  -1,  -7,   0,  -3,  }, // 22
  {  -7,  -3,  -1,  -4,  -4,   0,  -5,  -4,  -1,  -6,  -2,   0,  -2,  -1,   3,  -4,  -1,   1,  -4,   0,   1,   0,   2,   5,  -2,   1,   2,  -5,  -2,  -1,  -2,  -2,   1,  -3,  -2,  -1,  }, // 23
  {  -1,  -7,  -4,  -1, -11,  -6,   1,  -9,  -4,   1,  -6,  -2,   1, -10,  -3,   2,  -6,  -2,   3,  -5,  -1,   3,  -8,  -2,   4,  -5,   0,   0,  -4,  -3,   0,  -6,  -4,   2,  -5,  -2,  }, // 24
  {  -9,   1,  -3, -10,  -2,  -3,  -8,   0,  -2,  -8,   3,  -2,  -8,   1,  -1,  -8,   3,   0,  -7,   4,   0,  -7,   4,   1,  -5,   6,   2,  -5,   2,  -2,  -6,   0,  -1,  -5,   3,  -1,  }, // 25
  {  -5,  -2,   0,  -5,  -6,  -1,  -4,  -3,   0,  -5,  -1,   1,  -4,  -3,   1,  -3,   0,   2,  -3,   1,   2,  -2,  -1,   2,   0,   2,   3,  -4,  -1,   0,  -4,  -4,  -1,  -2,  -1,   1,  }, // 26
  {  -1,  -5,  -5,  -4,  -8,  -7,  -3,  -7,  -6,   0,  -4,  -4,  -3,  -7,  -6,  -2,  -5,  -5,   2,  -4,  -2,   0,  -7,  -5,   0,  -5,  -4,   5,   0,   1,   1,  -5,  -3,   3,  -3,  -1,  }, // 27
  {  -5,   1,  -2,  -7,  -4,  -5,  -6,  -3,  -4,  -5,   3,  -2,  -6,  -2,  -4,  -5,   0,  -3,  -3,   5,   1,  -4,  -1,  -2,  -4,   2,  -1,   0,   7,   3,  -3,   2,   0,  -1,   3,   1,  }, // 28
  {  -4,  -3,  -1,  -6,  -7,  -5,  -5,  -5,  -4,  -4,  -1,   0,  -6,  -6,  -3,  -5,  -3,  -2,  -2,   1,   2,  -4,  -5,  -1,  -3,  -2,   0,   1,   3,   5,  -2,  -3,   1,   0,   0,   2,  }, // 29
  {  -4,  -7,  -6,  -1,  -9,  -7,  -2,  -8,  -7,  -3,  -7,  -5,   0,  -9,  -4,  -2,  -8,  -5,  -1,  -7,  -4,   3,  -8,  -2,   0,  -6,  -4,   1,  -3,  -2,   6,  -4,   1,   3,  -3,  -1,  }, // 30
  {  -8,  -4,  -7,  -9,  -2,  -5,  -8,  -3,  -6,  -8,  -2,  -6,  -8,   0,  -3,  -8,  -2,  -5,  -6,  -1,  -5,  -7,   2,  -2,  -6,   0,  -4,  -5,   2,  -3,  -4,   5,   2,  -4,   4,  -1,  }, // 31
  {  -7,  -5,  -4,  -6,  -5,  -2,  -6,  -5,  -4,  -6,  -4,  -3,  -5,  -3,  -1,  -5,  -3,  -2,  -5,  -2,  -2,  -2,  -1,   1,  -4,  -1,  -1,  -3,   0,   1,   1,   2,   4,  -1,   1,   2,  }, // 32
  {  -3,  -5,  -5,  -3,  -8,  -7,  -2,  -7,  -6,  -2,  -5,  -4,  -2,  -7,  -5,  -1,  -5,  -4,   0,  -4,  -3,   1,  -7,  -3,   2,  -5,  -2,   3,  -1,   0,   3,  -4,  -1,   4,  -2,   1,  }, // 33
  {  -7,  -2,  -5,  -8,  -4,  -5,  -7,  -2,  -4,  -7,   0,  -4,  -8,  -2,  -4,  -7,   0,  -3,  -5,   1,  -3,  -6,   0,  -2,  -5,   3,  -1,  -3,   3,   0,  -3,   4,   1,  -2,   5,   2,  }, // 34
  {  -5,  -4,  -3,  -6,  -6,  -4,  -5,  -5,  -3,  -5,  -3,  -2,  -6,  -5,  -3,  -4,  -3,  -1,  -4,  -1,   0,  -3,  -3,  -1,  -2,  -1,   1,  -1,   1,   2,  -1,  -1,   2,   1,   2,   3,  }, // 35
};

const short * const *Build_Mu_S_ij_short()
	{
	short **Mx = myalloc(short *, 36);
	for (uint i = 0; i < 36; ++i)
		{
		Mx[i] = myalloc(short, 36);
		for (uint j = 0; j < 36; ++j)
			Mx[i][j] = Mu_S_ij_i8[i][j];
		}
	return Mx;
	}

const short * const *Mu_S_ij_short = Build_Mu_S_ij_short();
